0.180000 0.516000 0.837000 0.775000 -0.598000 0.202000 0.605000 0.612000 -0.508000 565.483000 -311.843000 356.052000 -0.046000 9.583000 54.336000 -1.064000 42.592000 -39.639000 27.282000 66.313000 47.499000 
0.176614 0.522802 0.833958 0.777956 -0.593200 0.207119 0.602986 0.612203 -0.511484 560.988677 -312.787445 480.751296 1.401431 -6.662537 56.681601 1.031480 45.230462 -49.816212 24.586100 59.017075 55.029891 
0.174369 0.527147 0.831692 0.778700 -0.590783 0.211193 0.602679 0.610813 -0.513503 559.068280 -413.542156 483.013720 2.279688 -4.086761 55.139705 -12.313855 47.121034 -40.258810 25.984987 59.502431 62.810312 
