0.180176 0.516516 0.837107 0.775108 -0.598511 0.202464 0.605594 0.612370 -0.508193 565.483310 -311.843607 356.052394 -0.046472 9.583110 54.336456 -1.064897 42.592179 -39.639270 27.282912 66.313585 47.499355 
0.180177 0.516523 0.837102 0.775108 -0.598510 0.202469 0.605594 0.612364 -0.508199 565.480721 -431.845801 356.056757 -0.934788 14.075389 53.056930 -16.306984 45.966791 -24.433176 29.224203 64.528037 56.543454 
0.180177 0.516539 0.837093 0.775114 -0.598499 0.202475 0.605586 0.612361 -0.508212 565.474488 -431.840579 536.065180 -8.092325 1.618896 69.640441 -2.913061 45.322489 -48.551961 24.137286 60.686798 67.905151 
