-0.943998 0.324805 0.058043 0.320375 0.944381 -0.074194 -0.078913 -0.051443 -0.995553 407.634685 71.676339 -273.934681 8.402499 52.010444 86.835741 -3.130778 46.109978 29.534065 
-0.995923 0.086896 -0.024196 0.083049 0.988028 0.130015 0.035204 0.127476 -0.991217 409.566121 72.726914 -112.618350 3.509698 27.430496 91.919851 8.440412 58.447955 4.121515 
-0.973873 0.227066 0.003667 0.226473 0.969882 0.089655 0.016800 0.088143 -0.995966 370.778076 198.301664 -129.539352 23.176653 29.714618 91.854494 5.170948 55.658096 33.495461 
-0.979791 0.199502 0.014417 0.199472 0.979897 -0.003534 -0.014833 -0.000587 -0.999890 390.909212 190.986415 -196.464344 23.249759 42.026716 86.221157 0.383666 52.546888 34.521938 
